21.88677453729788
108.53455545790005
147.49258216296505
12.539271378310346
146.33132607370987
187.94693996796533
118.72018491706464
140.71420716077162
82.8400871424825
80.18257252755913
143.34560911380842
114.01627052753196
9.71555517192173
195.88452268577342
22.252375100100274
150.99032953602597
182.80245216254087
176.5304797689914
120.83031786105514
54.08603115941204
98.16428785386347
115.07870129030302
177.8905835076013
55.699408915260065
180.48421910386742
31.6609685554724
14.929530918436607
93.91058983879283
11.52722263912056
12.849211104009939
69.16065608490334
30.05746089611201
151.47741555329156
163.06142226340506
77.83528994420669
50.94927319868911
25.690721504129876
87.96169022602338
126.72444562075505
160.4381987829966
150.37979514689434
32.24801067465084
42.235620272616295
58.23089866546336
152.97456305726922
28.010868509668096
154.49004911592817
28.236286878764428
6.378381155269364
74.8844478359054
187.78735803509048
114.40965078268724
41.06632457841633
69.50145736539717
45.236246298094244
48.967420085371316
24.948721703594412
129.30164178007595
145.93125458562412
116.0109183493244
108.14957653131903
114.53307645498296
145.90734840954843
183.01146175754135
118.32611809342397
142.32443247712206
128.2055945515955
113.27330382712144
161.8822139730921
107.99541401695652
82.73467608011616
84.40489932055577
137.4050794974727
81.31173135593635
113.21465398322329
180.99309172295793
199.88108611744053
129.1798928141495
106.34097822983459
4.088871947892492
27.72324016232508
31.3163049583258
177.40811720369229
145.7773888911588
139.36927380789888
101.71411741948376
66.98400634339663
14.019007458106913
82.1860207025481
106.2704043079618
4.827839927934785
61.112224951635994
73.64218360826737
75.72527499308205
180.0954770847953
168.54333315749165
13.188238328703704
53.10354961058468
60.978132386389404
171.6518302392107