5441784067626934
4866878443018244
4772892956338037
4318147662501784
5380542197610354
4541916202966634
4082693087152558
5065825885435713
5968369676482334
4452707932804441
4659820585878222
4632892485637694
5082856887500688
5966366009259266
4835767568211476
5276406520485123
4035636938255715
5212254843705066
5601841018141495
4573613260259667
5182069942377107
4806002459390429
5733675300515339
5125416795362975
5447629002017289
5333119789058069
5633740777721400
5651078726640763
4797704680961160
5587465038859011
5468409131512240
5396305031572239
4254914026977304
4855496559937905
4826509875275507
4037785863856582
4979208537042064
5553141076289672
4777419107560256
5478949098078561
5817710719389563
5449221075399026
4766883458743149
5378403041842242
4031887108012387
4247526797193503
4958143040231532
4094181202722922
4742572199494877
4129874022958549
5274976719041400
5192112477388373
4244090820543942
5624563038823588
5387751472961499
5499730136106033
4815552906731383
5748900170811057
4771386366263941
5725031254280654
5958971631435874
4878507156187397
5023172770059014
4162346572269856
5186989980307465
5379212780611359
5658571757096918
5197971212524143
5059047021186625
4638504278791029
5894360139983811
5882619881311922
4105774134725144
4688966309339740
4243131145801712
4820594508580985
4528304520287121
4556292001645965
5030596666642210
4485594254344349
4880263626534666
5557200253350835
4542399172268877
5254069190054806
5007723732114885
5933277853862107
4175044451936938
5089784214710055
4978246548170915
4017917726972137
4034090213346433
4859034681789866
4296089233750259
4561738703497339
5187716348850933
5914049074987168
5291184698663637
4493132310961147
5244188973461308
5775696637356267